['ALFA ROMEO' 'ASTON MARTIN' 'AUDI' 'BENTLEY' 'BMW' 'CAN-AM' 'CHERY'
 'CHEVROLET' 'CHRYSLER' 'CITROEN' 'CUSTOMBUILT' 'DAIHATSU' 'DODGE'
 'FACTORY BUILT' 'FERRARI' 'FIAT' 'FORD' 'FOTON' 'FRASER' 'GREAT WALL'
 'HOLDEN' 'HONDA' 'HYUNDAI' 'ISUZU' 'INFINITI' 'JAGUAR' 'JEEP' 'KIA'
 'LAMBORGHINI' 'LAND ROVER' 'LEXUS' 'LOTUS' 'LVVTA' 'MAHINDRA' 'MASERATI'
 'MAZDA' 'MCLAREN' 'MERCEDES-BENZ' 'MG' 'MINI' 'MITSUBISHI' 'MORGAN'
 'NISSAN' 'PEUGEOT' 'PORSCHE' 'RANGE ROVER' 'RENAULT' 'ROLLS-ROYCE' 'SKODA'
 'SSANGYONG' 'SUBARU' 'SUZUKI' 'SWALLOW' 'TESLA' 'TOYOTA' 'VOLKSWAGEN'
 'VOLVO' 'YAMAHA']
[[ 12  22  13 ...,   0   0   0]
 [  3   1   0 ...,   0   0   0]
 [114 125 126 ...,   0   0   0]
 ..., 
 [242 238 226 ...,   0   0   0]
 [ 28  33  20 ...,   0   0   0]
 [  0   0   0 ...,   0   0   0]]
[['Electric' 0 0 1 0 3 1 1 0 4 1 0 0 0 0 0 0 0 1 1 1 0 0 0 0 8 1 3 10 5 3 2
  3 2 12 8 2 18 10 8 10 0 2 0 0 0 0 0 4 0 1 14 15 12 13 4 10 36 42 14 47 36
  11 29 0 0 0]
 ['Petrol Hybrid' 66 97 173 193 91 119 82 63 133 93 178 154 136 108 86 85
  89 123 111 103 100 79 113 81 76 76 103 93 61 74 104 70 51 137 76 58 75
  119 96 71 93 98 92 89 95 94 94 75 133 149 135 191 80 140 78 165 130 122
  101 55 47 209 141 0 0 0]
 ['Diesel Hybrid' 0 0 0 0 0 1 0 0 0 0 0 0 0 4 0 2 1 1 1 0 0 9 0 1 1 1 3 0 3
  0 0 1 1 0 0 1 0 0 1 0 0 1 2 2 5 2 0 2 0 0 0 0 0 0 0 0 0 0 0 0 0 0 0 0 0 0]
 ['Plug-In Petrol Hybrid' 0 1 0 0 0 0 0 0 0 4 0 0 0 0 0 1 0 0 1 3 0 0 2 11
  24 37 21 11 10 20 17 15 17 24 13 14 14 20 15 16 24 14 17 10 13 13 25 37
  44 34 27 24 41 25 13 21 24 34 27 62 31 44 41 0 0 0]]
['All' 7496 5633 5941 5430 7142 6209 5956 6637 7336 6483 6102 7384 5770
 6347 5906 7541 6762 6825 7272 7962 7453 6371 8293 6571 6802 6149 8517 7067
 7083 8382 8907 8061 6797 9010 7057 6843 6361 9021 7271 7752 8835 9634 8113
 7109 8894 7174 7492 6789 9169 7699 8891 9698 10730 9716 8047 10144 8046
 8386 6946 10180 7600 8595 9841 0 0 0]
['All Hybrid' 66 98 174 193 94 121 83 63 137 98 178 154 136 112 86 88 90
 125 114 107 100 88 115 93 109 115 130 114 79 97 123 89 71 173 97 75 107
 149 120 97 117 115 111 101 113 109 119 118 177 184 176 230 133 178 95 196
 190 198 142 164 114 264 211 0 0 0]
[('All', 'All Hybrid'), (7496, 66), (5633, 98), (5941, 174), (5430, 193), (7142, 94), (6209, 121), (5956, 83), (6637, 63), (7336, 137), (6483, 98), (6102, 178), (7384, 154), (5770, 136), (6347, 112), (5906, 86), (7541, 88), (6762, 90), (6825, 125), (7272, 114), (7962, 107), (7453, 100), (6371, 88), (8293, 115), (6571, 93), (6802, 109), (6149, 115), (8517, 130), (7067, 114), (7083, 79), (8382, 97), (8907, 123), (8061, 89), (6797, 71), (9010, 173), (7057, 97), (6843, 75), (6361, 107), (9021, 149), (7271, 120), (7752, 97), (8835, 117), (9634, 115), (8113, 111), (7109, 101), (8894, 113), (7174, 109), (7492, 119), (6789, 118), (9169, 177), (7699, 184), (8891, 176), (9698, 230), (10730, 133), (9716, 178), (8047, 95), (10144, 196), (8046, 190), (8386, 198), (6946, 142), (10180, 164), (7600, 114), (8595, 264), (9841, 211), (0, 0), (0, 0), (0, 0)]
[0.88, 1.73, 2.92, 3.55, 1.31, 1.94, 1.39, 0.94, 1.86, 1.51, 2.91, 2.08, 2.35, 1.76, 1.45, 1.16, 1.33, 1.83, 1.56, 1.34, 1.34, 1.38, 1.38, 1.41, 1.6, 1.87, 1.52, 1.61, 1.11, 1.15, 1.38, 1.1, 1.04, 1.92, 1.37, 1.09, 1.68, 1.65, 1.65, 1.25, 1.32, 1.19, 1.36, 1.42, 1.27, 1.51, 1.58, 1.73, 1.93, 2.38, 1.97, 2.37, 1.23, 1.83, 1.18, 1.93, 2.36, 2.36, 2.04, 1.61, 1.49, 3.07, 2.14]
